664.13989 101.40551 1.00000 0.00000 0.00000 1.00000 387.97171 -69.67783 0.23618 0.79369
346.27328 211.46054 1.00000 0.00000 0.00000 1.00000 119.42075 16.80768 0.43791 0.56149
770.72815 783.17664 1.00000 0.00000 0.00000 1.00000 260.95184 -36.53182 0.15226 0.53265
171.81696 879.97540 1.00000 0.00000 0.00000 1.00000 60.27262 -44.13836 0.21299 0.69061
39.92316 180.82597 1.00000 0.00000 0.00000 1.00000 107.72578 21.21698 0.16362 0.59531
706.97980 856.30072 1.00000 0.00000 0.00000 1.00000 143.41685 -71.49433 0.15991 0.87580
546.75745 377.85489 1.00000 0.00000 0.00000 1.00000 2335.82471 -77.97303 0.64650 0.87496
770.22400 905.16083 1.00000 0.00000 0.00000 1.00000 1282.33118 -53.76129 0.53386 0.34783
764.45563 834.37024 1.00000 0.00000 0.00000 1.00000 1024.61292 28.04850 0.45389 0.38291
259.01480 362.24527 1.00000 0.00000 0.00000 1.00000 114.51961 25.05199 0.18790 0.38399
59.96097 542.35919 1.00000 0.00000 0.00000 1.00000 156.09889 37.24726 0.18575 0.62250
352.52795 863.70630 1.00000 0.00000 0.00000 1.00000 125233.44531 23.48525 2.15987 0.69018
33.93626 345.10315 1.00000 0.00000 0.00000 1.00000 330.85703 -1.47347 0.20676 0.97618
689.34821 45.26373 1.00000 0.00000 0.00000 1.00000 69.64981 67.56866 0.24050 0.38599
941.86298 901.90173 1.00000 0.00000 0.00000 1.00000 66.28880 -5.99881 0.13463 0.90011
700.24750 795.69220 1.00000 0.00000 0.00000 1.00000 137.45480 52.72205 0.09951 0.48405
380.13434 781.44476 1.00000 0.00000 0.00000 1.00000 96.67636 68.38233 0.16467 0.81992
757.90186 46.53387 1.00000 0.00000 0.00000 4.00000 430.09082 38.20079 0.15157 0.61275
555.19873 836.58130 1.00000 0.00000 0.00000 1.00000 881.37335 -42.83603 0.28377 0.51755
467.63980 171.60834 1.00000 0.00000 0.00000 1.00000 306.36533 -9.39486 0.28970 0.62414
92.08431 418.48376 1.00000 0.00000 0.00000 1.00000 429.14062 -2.51732 0.39625 0.61213
372.92914 790.02454 1.00000 0.00000 0.00000 1.00000 155.41046 -33.79487 0.38883 0.83387
354.52075 878.98004 1.00000 0.00000 0.00000 1.00000 98.12958 6.54207 0.13208 0.81401
951.41669 603.78284 1.00000 0.00000 0.00000 1.00000 227.50972 45.03135 0.20287 0.46228
732.75000 555.13293 1.00000 0.00000 0.00000 1.00000 94.50183 -22.41566 0.18282 0.93216
782.41589 154.17213 1.00000 0.00000 0.00000 1.00000 149.25183 13.60211 0.17540 0.96717
80.25431 88.34103 1.00000 0.00000 0.00000 1.00000 221.75842 -70.09623 0.22612 0.57499
70.27975 529.66681 1.00000 0.00000 0.00000 4.00000 492.35666 73.09631 0.16393 0.99700
487.26456 757.18298 1.00000 0.00000 0.00000 1.00000 142.01038 45.57376 0.09691 0.72565
433.26041 336.98001 1.00000 0.00000 0.00000 4.00000 429.81363 -75.27660 0.06574 0.79102
549.19238 312.25848 1.00000 0.00000 0.00000 1.00000 169.38708 39.95600 0.18321 0.94181
910.27307 266.75824 1.00000 0.00000 0.00000 1.00000 356.81235 -51.45514 0.23616 0.46064
428.89917 314.66583 1.00000 0.00000 0.00000 4.00000 12196.62402 -65.91291 0.43711 0.61074
637.29364 540.02252 1.00000 0.00000 0.00000 1.00000 71.67367 22.89528 0.32254 0.42115
150.15576 150.20959 1.00000 0.00000 0.00000 1.00000 799.02368 45.63935 0.47965 0.58925
423.25546 824.47852 1.00000 0.00000 0.00000 1.00000 842.63617 70.67342 0.15400 0.67318
769.74921 92.91592 1.00000 0.00000 0.00000 1.00000 287.21033 -20.77797 0.41252 0.52164
893.00098 399.38495 1.00000 0.00000 0.00000 1.00000 954.28888 84.62023 0.19256 0.99573
599.71930 354.04758 1.00000 0.00000 0.00000 1.00000 88.58501 55.20715 0.20790 0.81233
968.38397 552.50360 1.00000 0.00000 0.00000 1.00000 108.49248 -66.58931 0.12778 0.77668
121.76549 676.99261 1.00000 0.00000 0.00000 1.00000 171.91757 1.43260 0.25682 0.67193
445.04514 224.47847 1.00000 0.00000 0.00000 1.00000 522.01184 -39.13809 0.23800 0.65543
200.21629 78.06568 1.00000 0.00000 0.00000 1.00000 2489.54321 -46.74356 0.83279 0.90365
245.57712 810.34473 1.00000 0.00000 0.00000 1.00000 460.63806 9.95973 0.82291 0.91968
496.14294 667.43829 1.00000 0.00000 0.00000 1.00000 129.86150 89.54195 0.36256 0.75795
390.75714 775.28809 1.00000 0.00000 0.00000 1.00000 250.40309 78.75939 0.14308 0.50273
294.13321 795.51630 1.00000 0.00000 0.00000 1.00000 103.86764 27.70335 0.13028 0.69276
467.86642 815.78632 1.00000 0.00000 0.00000 1.00000 3373.18628 61.16595 0.49597 0.42624
302.86288 316.62094 1.00000 0.00000 0.00000 1.00000 226.84006 -76.17477 0.10297 0.43966
312.51343 603.17462 1.00000 0.00000 0.00000 1.00000 118.04288 -47.41573 0.33881 0.38668
